1	5006216
1	5006977
1	8104918
1	24501282
1	24501540
2	4926550
2	4929837
2	5495926
2	6322892
2	6782357
3	7705669
3	7705837
3	8687659
3	38431125
3	38422027
3	38805893
3	38776584
3	69874205
4	4373183
4	7573541
4	7575876
4	8502108
4	8539846
4	8777826
4	8877517
4	8939155
4	80218686
5	8256534
5	8275290
5	8533420
5	8767106
5	8767159
5	8767608
5	39102109
5	39095990
6	5973495
6	5974637
6	7226481
6	7233939
6	7312977
6	7386703
6	8616834
6	8636998
6	8775593
6	8776070
6	8882191
6	8911065
6	38531420
6	38558654
6	38962875
6	39345238
6	39405228
6	16923324
7	5837991
7	5842446
7	5842654
7	5862702
7	8080325
7	8080391
7	8072858
7	8072769
7	8046262
7	8055152
7	8309640
7	8080430
7	8723981
7	8517130
7	38206968
7	38815072
7	38847650
7	38845309
7	38237943
8	4190503
8	7233172
8	7233413
8	38751136
8	38754042
8	39164114
8	39129489
9	5908832
9	5905313
9	6927831
9	6938395
9	6962158
9	6971322
9	6918663
9	7877198
9	7877207
9	38312117
9	38074528
9	38317174
10	9140823
10	9248320
10	39203287
10	39206835
10	39171371
10	39360470
10	39442598
10	9248320
11	9029217
11	38604601
11	38624418
12	3216634
12	3209390
12	3195543
12	3200701
12	3200708
12	4248630
12	4248721
12	4249029
12	4254327
12	6254157
12	6254168
12	6205826
12	8059682
12	7988410
12	7967967
12	7974472
12	8967338
12	8452773
13	39084971
14	7375057
14	8184029
14	7906682
14	7906682
14	38320582
14	38327357
15	7264257
15	7267771
15	7267786
15	7237983
15	8211402
15	8222711
15	8150845
15	8440370
15	8424782
15	8822288
15	41511039
15	41511379
15	41513523
15	41515521
15	41516467
15	41518010
15	41521682
15	41524455
15	41524634
15	41528882
15	41531026
15	41535323
15	41538692
15	41540041
15	41543072
15	41544289
15	41546008
15	41546698
15	41549110
15	41511379
16	6821464
16	8147894
16	8147952
16	7871271
16	8115941
17	7663214
17	8297158
17	8297194
17	8286631
17	8452595
17	38833486
17	38529196
18	8165051
18	38493885
18	38557906
18	38557207
18	38557240
18	38610302
18	38609991
18	38699129
18	38946076
18	38699314
18	38946280
18	39085003
18	39295809
19	9511966
19	40071243
19	40043207
20	53500353
20	6126555
20	7507816
20	7511129
20	7507816
20	7511129
20	8136122
20	8205745
20	8420833
20	8424061
20	8613193
20	39208970
20	38627159
20	48432861
20	48450038
20	48455190
20	48456983
21	5135879
21	7716118
21	8620212
21	38663923
21	49096017
21	49475371
22	6006379
22	6993305
22	8460125
22	38907817
22	38443763
22	48307577
22	48339038
22	48730725
22	22310361
22	22310634
23	7426685
23	7403987
23	7404101
23	7424475
23	7391764
23	8371281
23	8375678
23	8253379
23	8542850
23	8568405
23	8584281
23	8659198
23	8659900
23	9007185
23	9019052
23	9117224
23	9117370
23	9031283
23	9117504
23	38609506
23	38713233
23	38745799
23	38748116
23	49521290
24	25429951
24	25429951
25	7214902
25	7154698
25	7173594
25	48289672
25	48298818
25	48478713
25	48940818
25	48924829
25	49009634
25	49011693
25	49009634
25	49011693
25	48289672
25	48270521
25	48298818
26	5231050
26	5231167
26	6265849
26	6265899
26	8174472
26	7814469
26	7986674
26	7429407
26	8650963
26	8651071
26	38763791
26	38770709
26	38486639
26	38900457
26	38906513
26	38825986
26	38828963
26	38838187
26	38914599
26	38914709
26	38979280
27	43572180
27	42613154
27	42582614
27	41627029
27	41596393
27	41595476
27	41593807
27	41573871
27	40613922
27	40613764
27	40522744
27	39584814
27	7932063
27	7965701
27	7970144
27	7714617
27	7709055
27	7437182
27	7480283
27	7466390
27	7142810
27	7120424
27	7425278
27	44113063
28	7204381
28	8581091
28	8602437
28	8611794
28	8674082
28	8697664
28	8960211
29	4319051
29	7907933
29	7910073
29	7980752
29	8111482
29	7728203
29	39580293
29	39288975
29	39309778
30	7734626
30	8690463
30	8704257
30	8704525
30	8704557
30	8704565
30	8706573
30	8322200
30	8325064
30	8854856
30	8860576
30	9006229
30	9138859
30	9166806
30	9180881
30	9176597
30	9191432
30	9191522
30	9201778
30	9209919
30	9217700
30	9224637
30	9240673
30	9282589
30	38880862
30	38915339
30	38916158
31	8938496
31	8945591
31	8949819
31	8949936
31	8966423
31	38038632
31	37998475
31	38032860
31	38038707
31	38069681
31	38155762
31	38187276
31	38288734
31	38468975
32	32754541
32	32712275
32	32712252
32	32712222
32	32712221
32	32712150
32	32602652
32	32585883
32	1645834
32	1808443
32	35494497
33	5321553
33	5325046
33	5355318
33	7600938
33	7601569
33	7821621
33	7821651
33	8125368
33	8240056
33	8353022
33	8353217
33	8353437
33	8353532
34	7322893
34	8220130
34	8218396
34	8218418
34	8218396
34	8218418
34	8451594
34	38456170
